              precision    recall  f1-score   support

         ADI      0.952     0.800     0.870        50
        BACK      0.893     1.000     0.943        50
         DEB      0.256     0.200     0.225        50
         LYM      0.000     0.000     0.000        50
         MUC      0.438     0.280     0.341        50
         MUS      0.350     0.420     0.382        50
        NORM      0.222     0.980     0.362        50
         STR      0.000     0.000     0.000        50
         TUM      0.000     0.000     0.000        50

    accuracy                          0.409       450
   macro avg      0.346     0.409     0.347       450
weighted avg      0.346     0.409     0.347       450
